{
 "cells": [
  {
   "cell_type": "markdown",
   "metadata": {},
   "source": [
    "## pd.to_datetime(emp[\"Start Date\"])  x 2 methods\n",
    "- date and time data ko convert karta hai pandas readable datetime mein taaki uske pd wali operation perform kar sakke\n",
    "- if we are given with time in csv and we apply datetime to usme current date will be associated with it as well"
   ]
  },
  {
   "cell_type": "markdown",
   "metadata": {},
   "source": [
    "\n",
    "# Method - 1"
   ]
  },
  {
   "cell_type": "code",
   "execution_count": 1,
   "metadata": {},
   "outputs": [],
   "source": [
    "import pandas as pd"
   ]
  },
  {
   "cell_type": "code",
   "execution_count": 3,
   "metadata": {},
   "outputs": [
    {
     "data": {
      "text/html": [
       "<div>\n",
       "<style scoped>\n",
       "    .dataframe tbody tr th:only-of-type {\n",
       "        vertical-align: middle;\n",
       "    }\n",
       "\n",
       "    .dataframe tbody tr th {\n",
       "        vertical-align: top;\n",
       "    }\n",
       "\n",
       "    .dataframe thead th {\n",
       "        text-align: right;\n",
       "    }\n",
       "</style>\n",
       "<table border=\"1\" class=\"dataframe\">\n",
       "  <thead>\n",
       "    <tr style=\"text-align: right;\">\n",
       "      <th></th>\n",
       "      <th>First Name</th>\n",
       "      <th>Gender</th>\n",
       "      <th>Start Date</th>\n",
       "      <th>Last Login Time</th>\n",
       "      <th>Salary</th>\n",
       "      <th>Bonus %</th>\n",
       "      <th>Senior Management</th>\n",
       "      <th>Team</th>\n",
       "    </tr>\n",
       "  </thead>\n",
       "  <tbody>\n",
       "    <tr>\n",
       "      <th>0</th>\n",
       "      <td>Douglas</td>\n",
       "      <td>Male</td>\n",
       "      <td>8/6/1993</td>\n",
       "      <td>12:42 PM</td>\n",
       "      <td>97308</td>\n",
       "      <td>6.945</td>\n",
       "      <td>True</td>\n",
       "      <td>Marketing</td>\n",
       "    </tr>\n",
       "    <tr>\n",
       "      <th>1</th>\n",
       "      <td>Thomas</td>\n",
       "      <td>Male</td>\n",
       "      <td>3/31/1996</td>\n",
       "      <td>6:53 AM</td>\n",
       "      <td>61933</td>\n",
       "      <td>4.170</td>\n",
       "      <td>True</td>\n",
       "      <td>NaN</td>\n",
       "    </tr>\n",
       "    <tr>\n",
       "      <th>2</th>\n",
       "      <td>Maria</td>\n",
       "      <td>Female</td>\n",
       "      <td>4/23/1993</td>\n",
       "      <td>11:17 AM</td>\n",
       "      <td>130590</td>\n",
       "      <td>11.858</td>\n",
       "      <td>False</td>\n",
       "      <td>Finance</td>\n",
       "    </tr>\n",
       "    <tr>\n",
       "      <th>3</th>\n",
       "      <td>Jerry</td>\n",
       "      <td>Male</td>\n",
       "      <td>3/4/2005</td>\n",
       "      <td>1:00 PM</td>\n",
       "      <td>138705</td>\n",
       "      <td>9.340</td>\n",
       "      <td>True</td>\n",
       "      <td>Finance</td>\n",
       "    </tr>\n",
       "    <tr>\n",
       "      <th>4</th>\n",
       "      <td>Larry</td>\n",
       "      <td>Male</td>\n",
       "      <td>1/24/1998</td>\n",
       "      <td>4:47 PM</td>\n",
       "      <td>101004</td>\n",
       "      <td>1.389</td>\n",
       "      <td>True</td>\n",
       "      <td>Client Services</td>\n",
       "    </tr>\n",
       "    <tr>\n",
       "      <th>...</th>\n",
       "      <td>...</td>\n",
       "      <td>...</td>\n",
       "      <td>...</td>\n",
       "      <td>...</td>\n",
       "      <td>...</td>\n",
       "      <td>...</td>\n",
       "      <td>...</td>\n",
       "      <td>...</td>\n",
       "    </tr>\n",
       "    <tr>\n",
       "      <th>995</th>\n",
       "      <td>Henry</td>\n",
       "      <td>NaN</td>\n",
       "      <td>11/23/2014</td>\n",
       "      <td>6:09 AM</td>\n",
       "      <td>132483</td>\n",
       "      <td>16.655</td>\n",
       "      <td>False</td>\n",
       "      <td>Distribution</td>\n",
       "    </tr>\n",
       "    <tr>\n",
       "      <th>996</th>\n",
       "      <td>Phillip</td>\n",
       "      <td>Male</td>\n",
       "      <td>1/31/1984</td>\n",
       "      <td>6:30 AM</td>\n",
       "      <td>42392</td>\n",
       "      <td>19.675</td>\n",
       "      <td>False</td>\n",
       "      <td>Finance</td>\n",
       "    </tr>\n",
       "    <tr>\n",
       "      <th>997</th>\n",
       "      <td>Russell</td>\n",
       "      <td>Male</td>\n",
       "      <td>5/20/2013</td>\n",
       "      <td>12:39 PM</td>\n",
       "      <td>96914</td>\n",
       "      <td>1.421</td>\n",
       "      <td>False</td>\n",
       "      <td>Product</td>\n",
       "    </tr>\n",
       "    <tr>\n",
       "      <th>998</th>\n",
       "      <td>Larry</td>\n",
       "      <td>Male</td>\n",
       "      <td>4/20/2013</td>\n",
       "      <td>4:45 PM</td>\n",
       "      <td>60500</td>\n",
       "      <td>11.985</td>\n",
       "      <td>False</td>\n",
       "      <td>Business Development</td>\n",
       "    </tr>\n",
       "    <tr>\n",
       "      <th>999</th>\n",
       "      <td>Albert</td>\n",
       "      <td>Male</td>\n",
       "      <td>5/15/2012</td>\n",
       "      <td>6:24 PM</td>\n",
       "      <td>129949</td>\n",
       "      <td>10.169</td>\n",
       "      <td>True</td>\n",
       "      <td>Sales</td>\n",
       "    </tr>\n",
       "  </tbody>\n",
       "</table>\n",
       "<p>1000 rows × 8 columns</p>\n",
       "</div>"
      ],
      "text/plain": [
       "    First Name  Gender  Start Date Last Login Time  Salary  Bonus %  \\\n",
       "0      Douglas    Male    8/6/1993        12:42 PM   97308    6.945   \n",
       "1       Thomas    Male   3/31/1996         6:53 AM   61933    4.170   \n",
       "2        Maria  Female   4/23/1993        11:17 AM  130590   11.858   \n",
       "3        Jerry    Male    3/4/2005         1:00 PM  138705    9.340   \n",
       "4        Larry    Male   1/24/1998         4:47 PM  101004    1.389   \n",
       "..         ...     ...         ...             ...     ...      ...   \n",
       "995      Henry     NaN  11/23/2014         6:09 AM  132483   16.655   \n",
       "996    Phillip    Male   1/31/1984         6:30 AM   42392   19.675   \n",
       "997    Russell    Male   5/20/2013        12:39 PM   96914    1.421   \n",
       "998      Larry    Male   4/20/2013         4:45 PM   60500   11.985   \n",
       "999     Albert    Male   5/15/2012         6:24 PM  129949   10.169   \n",
       "\n",
       "    Senior Management                  Team  \n",
       "0                True             Marketing  \n",
       "1                True                   NaN  \n",
       "2               False               Finance  \n",
       "3                True               Finance  \n",
       "4                True       Client Services  \n",
       "..                ...                   ...  \n",
       "995             False          Distribution  \n",
       "996             False               Finance  \n",
       "997             False               Product  \n",
       "998             False  Business Development  \n",
       "999              True                 Sales  \n",
       "\n",
       "[1000 rows x 8 columns]"
      ]
     },
     "execution_count": 3,
     "metadata": {},
     "output_type": "execute_result"
    }
   ],
   "source": [
    "df=pd.read_csv(\"employees.csv\")\n",
    "df"
   ]
  },
  {
   "cell_type": "code",
   "execution_count": null,
   "metadata": {},
   "outputs": [],
   "source": []
  },
  {
   "cell_type": "code",
   "execution_count": 5,
   "metadata": {},
   "outputs": [
    {
     "data": {
      "text/plain": [
       "0     2019-11-01 12:42:00\n",
       "1     2019-11-01 06:53:00\n",
       "2     2019-11-01 11:17:00\n",
       "3     2019-11-01 13:00:00\n",
       "4     2019-11-01 16:47:00\n",
       "              ...        \n",
       "995   2019-11-01 06:09:00\n",
       "996   2019-11-01 06:30:00\n",
       "997   2019-11-01 12:39:00\n",
       "998   2019-11-01 16:45:00\n",
       "999   2019-11-01 18:24:00\n",
       "Name: Last Login Time, Length: 1000, dtype: datetime64[ns]"
      ]
     },
     "execution_count": 5,
     "metadata": {},
     "output_type": "execute_result"
    }
   ],
   "source": [
    "pd.to_datetime(df[\"Last Login Time\"])"
   ]
  },
  {
   "cell_type": "code",
   "execution_count": 7,
   "metadata": {},
   "outputs": [
    {
     "data": {
      "text/html": [
       "<div>\n",
       "<style scoped>\n",
       "    .dataframe tbody tr th:only-of-type {\n",
       "        vertical-align: middle;\n",
       "    }\n",
       "\n",
       "    .dataframe tbody tr th {\n",
       "        vertical-align: top;\n",
       "    }\n",
       "\n",
       "    .dataframe thead th {\n",
       "        text-align: right;\n",
       "    }\n",
       "</style>\n",
       "<table border=\"1\" class=\"dataframe\">\n",
       "  <thead>\n",
       "    <tr style=\"text-align: right;\">\n",
       "      <th></th>\n",
       "      <th>First Name</th>\n",
       "      <th>Gender</th>\n",
       "      <th>Start Date</th>\n",
       "      <th>Last Login Time</th>\n",
       "      <th>Salary</th>\n",
       "      <th>Bonus %</th>\n",
       "      <th>Senior Management</th>\n",
       "      <th>Team</th>\n",
       "    </tr>\n",
       "  </thead>\n",
       "  <tbody>\n",
       "    <tr>\n",
       "      <th>0</th>\n",
       "      <td>Douglas</td>\n",
       "      <td>Male</td>\n",
       "      <td>8/6/1993</td>\n",
       "      <td>2019-11-01 12:42:00</td>\n",
       "      <td>97308</td>\n",
       "      <td>6.945</td>\n",
       "      <td>True</td>\n",
       "      <td>Marketing</td>\n",
       "    </tr>\n",
       "    <tr>\n",
       "      <th>1</th>\n",
       "      <td>Thomas</td>\n",
       "      <td>Male</td>\n",
       "      <td>3/31/1996</td>\n",
       "      <td>2019-11-01 06:53:00</td>\n",
       "      <td>61933</td>\n",
       "      <td>4.170</td>\n",
       "      <td>True</td>\n",
       "      <td>NaN</td>\n",
       "    </tr>\n",
       "    <tr>\n",
       "      <th>2</th>\n",
       "      <td>Maria</td>\n",
       "      <td>Female</td>\n",
       "      <td>4/23/1993</td>\n",
       "      <td>2019-11-01 11:17:00</td>\n",
       "      <td>130590</td>\n",
       "      <td>11.858</td>\n",
       "      <td>False</td>\n",
       "      <td>Finance</td>\n",
       "    </tr>\n",
       "    <tr>\n",
       "      <th>3</th>\n",
       "      <td>Jerry</td>\n",
       "      <td>Male</td>\n",
       "      <td>3/4/2005</td>\n",
       "      <td>2019-11-01 13:00:00</td>\n",
       "      <td>138705</td>\n",
       "      <td>9.340</td>\n",
       "      <td>True</td>\n",
       "      <td>Finance</td>\n",
       "    </tr>\n",
       "    <tr>\n",
       "      <th>4</th>\n",
       "      <td>Larry</td>\n",
       "      <td>Male</td>\n",
       "      <td>1/24/1998</td>\n",
       "      <td>2019-11-01 16:47:00</td>\n",
       "      <td>101004</td>\n",
       "      <td>1.389</td>\n",
       "      <td>True</td>\n",
       "      <td>Client Services</td>\n",
       "    </tr>\n",
       "    <tr>\n",
       "      <th>...</th>\n",
       "      <td>...</td>\n",
       "      <td>...</td>\n",
       "      <td>...</td>\n",
       "      <td>...</td>\n",
       "      <td>...</td>\n",
       "      <td>...</td>\n",
       "      <td>...</td>\n",
       "      <td>...</td>\n",
       "    </tr>\n",
       "    <tr>\n",
       "      <th>995</th>\n",
       "      <td>Henry</td>\n",
       "      <td>NaN</td>\n",
       "      <td>11/23/2014</td>\n",
       "      <td>2019-11-01 06:09:00</td>\n",
       "      <td>132483</td>\n",
       "      <td>16.655</td>\n",
       "      <td>False</td>\n",
       "      <td>Distribution</td>\n",
       "    </tr>\n",
       "    <tr>\n",
       "      <th>996</th>\n",
       "      <td>Phillip</td>\n",
       "      <td>Male</td>\n",
       "      <td>1/31/1984</td>\n",
       "      <td>2019-11-01 06:30:00</td>\n",
       "      <td>42392</td>\n",
       "      <td>19.675</td>\n",
       "      <td>False</td>\n",
       "      <td>Finance</td>\n",
       "    </tr>\n",
       "    <tr>\n",
       "      <th>997</th>\n",
       "      <td>Russell</td>\n",
       "      <td>Male</td>\n",
       "      <td>5/20/2013</td>\n",
       "      <td>2019-11-01 12:39:00</td>\n",
       "      <td>96914</td>\n",
       "      <td>1.421</td>\n",
       "      <td>False</td>\n",
       "      <td>Product</td>\n",
       "    </tr>\n",
       "    <tr>\n",
       "      <th>998</th>\n",
       "      <td>Larry</td>\n",
       "      <td>Male</td>\n",
       "      <td>4/20/2013</td>\n",
       "      <td>2019-11-01 16:45:00</td>\n",
       "      <td>60500</td>\n",
       "      <td>11.985</td>\n",
       "      <td>False</td>\n",
       "      <td>Business Development</td>\n",
       "    </tr>\n",
       "    <tr>\n",
       "      <th>999</th>\n",
       "      <td>Albert</td>\n",
       "      <td>Male</td>\n",
       "      <td>5/15/2012</td>\n",
       "      <td>2019-11-01 18:24:00</td>\n",
       "      <td>129949</td>\n",
       "      <td>10.169</td>\n",
       "      <td>True</td>\n",
       "      <td>Sales</td>\n",
       "    </tr>\n",
       "  </tbody>\n",
       "</table>\n",
       "<p>1000 rows × 8 columns</p>\n",
       "</div>"
      ],
      "text/plain": [
       "    First Name  Gender  Start Date     Last Login Time  Salary  Bonus %  \\\n",
       "0      Douglas    Male    8/6/1993 2019-11-01 12:42:00   97308    6.945   \n",
       "1       Thomas    Male   3/31/1996 2019-11-01 06:53:00   61933    4.170   \n",
       "2        Maria  Female   4/23/1993 2019-11-01 11:17:00  130590   11.858   \n",
       "3        Jerry    Male    3/4/2005 2019-11-01 13:00:00  138705    9.340   \n",
       "4        Larry    Male   1/24/1998 2019-11-01 16:47:00  101004    1.389   \n",
       "..         ...     ...         ...                 ...     ...      ...   \n",
       "995      Henry     NaN  11/23/2014 2019-11-01 06:09:00  132483   16.655   \n",
       "996    Phillip    Male   1/31/1984 2019-11-01 06:30:00   42392   19.675   \n",
       "997    Russell    Male   5/20/2013 2019-11-01 12:39:00   96914    1.421   \n",
       "998      Larry    Male   4/20/2013 2019-11-01 16:45:00   60500   11.985   \n",
       "999     Albert    Male   5/15/2012 2019-11-01 18:24:00  129949   10.169   \n",
       "\n",
       "    Senior Management                  Team  \n",
       "0                True             Marketing  \n",
       "1                True                   NaN  \n",
       "2               False               Finance  \n",
       "3                True               Finance  \n",
       "4                True       Client Services  \n",
       "..                ...                   ...  \n",
       "995             False          Distribution  \n",
       "996             False               Finance  \n",
       "997             False               Product  \n",
       "998             False  Business Development  \n",
       "999              True                 Sales  \n",
       "\n",
       "[1000 rows x 8 columns]"
      ]
     },
     "execution_count": 7,
     "metadata": {},
     "output_type": "execute_result"
    }
   ],
   "source": [
    "df[\"Last Login Time\"]=pd.to_datetime(df[\"Last Login Time\"])\n",
    "\n",
    "df"
   ]
  },
  {
   "cell_type": "code",
   "execution_count": null,
   "metadata": {},
   "outputs": [],
   "source": []
  },
  {
   "cell_type": "code",
   "execution_count": null,
   "metadata": {},
   "outputs": [],
   "source": []
  },
  {
   "cell_type": "code",
   "execution_count": 8,
   "metadata": {},
   "outputs": [],
   "source": [
    "(df[\"Start Date\"])=pd.to_datetime(df[\"Start Date\"])"
   ]
  },
  {
   "cell_type": "code",
   "execution_count": 9,
   "metadata": {},
   "outputs": [
    {
     "data": {
      "text/html": [
       "<div>\n",
       "<style scoped>\n",
       "    .dataframe tbody tr th:only-of-type {\n",
       "        vertical-align: middle;\n",
       "    }\n",
       "\n",
       "    .dataframe tbody tr th {\n",
       "        vertical-align: top;\n",
       "    }\n",
       "\n",
       "    .dataframe thead th {\n",
       "        text-align: right;\n",
       "    }\n",
       "</style>\n",
       "<table border=\"1\" class=\"dataframe\">\n",
       "  <thead>\n",
       "    <tr style=\"text-align: right;\">\n",
       "      <th></th>\n",
       "      <th>First Name</th>\n",
       "      <th>Gender</th>\n",
       "      <th>Start Date</th>\n",
       "      <th>Last Login Time</th>\n",
       "      <th>Salary</th>\n",
       "      <th>Bonus %</th>\n",
       "      <th>Senior Management</th>\n",
       "      <th>Team</th>\n",
       "    </tr>\n",
       "  </thead>\n",
       "  <tbody>\n",
       "    <tr>\n",
       "      <th>0</th>\n",
       "      <td>Douglas</td>\n",
       "      <td>Male</td>\n",
       "      <td>1993-08-06</td>\n",
       "      <td>2019-11-01 12:42:00</td>\n",
       "      <td>97308</td>\n",
       "      <td>6.945</td>\n",
       "      <td>True</td>\n",
       "      <td>Marketing</td>\n",
       "    </tr>\n",
       "    <tr>\n",
       "      <th>1</th>\n",
       "      <td>Thomas</td>\n",
       "      <td>Male</td>\n",
       "      <td>1996-03-31</td>\n",
       "      <td>2019-11-01 06:53:00</td>\n",
       "      <td>61933</td>\n",
       "      <td>4.170</td>\n",
       "      <td>True</td>\n",
       "      <td>NaN</td>\n",
       "    </tr>\n",
       "    <tr>\n",
       "      <th>2</th>\n",
       "      <td>Maria</td>\n",
       "      <td>Female</td>\n",
       "      <td>1993-04-23</td>\n",
       "      <td>2019-11-01 11:17:00</td>\n",
       "      <td>130590</td>\n",
       "      <td>11.858</td>\n",
       "      <td>False</td>\n",
       "      <td>Finance</td>\n",
       "    </tr>\n",
       "    <tr>\n",
       "      <th>3</th>\n",
       "      <td>Jerry</td>\n",
       "      <td>Male</td>\n",
       "      <td>2005-03-04</td>\n",
       "      <td>2019-11-01 13:00:00</td>\n",
       "      <td>138705</td>\n",
       "      <td>9.340</td>\n",
       "      <td>True</td>\n",
       "      <td>Finance</td>\n",
       "    </tr>\n",
       "    <tr>\n",
       "      <th>4</th>\n",
       "      <td>Larry</td>\n",
       "      <td>Male</td>\n",
       "      <td>1998-01-24</td>\n",
       "      <td>2019-11-01 16:47:00</td>\n",
       "      <td>101004</td>\n",
       "      <td>1.389</td>\n",
       "      <td>True</td>\n",
       "      <td>Client Services</td>\n",
       "    </tr>\n",
       "    <tr>\n",
       "      <th>...</th>\n",
       "      <td>...</td>\n",
       "      <td>...</td>\n",
       "      <td>...</td>\n",
       "      <td>...</td>\n",
       "      <td>...</td>\n",
       "      <td>...</td>\n",
       "      <td>...</td>\n",
       "      <td>...</td>\n",
       "    </tr>\n",
       "    <tr>\n",
       "      <th>995</th>\n",
       "      <td>Henry</td>\n",
       "      <td>NaN</td>\n",
       "      <td>2014-11-23</td>\n",
       "      <td>2019-11-01 06:09:00</td>\n",
       "      <td>132483</td>\n",
       "      <td>16.655</td>\n",
       "      <td>False</td>\n",
       "      <td>Distribution</td>\n",
       "    </tr>\n",
       "    <tr>\n",
       "      <th>996</th>\n",
       "      <td>Phillip</td>\n",
       "      <td>Male</td>\n",
       "      <td>1984-01-31</td>\n",
       "      <td>2019-11-01 06:30:00</td>\n",
       "      <td>42392</td>\n",
       "      <td>19.675</td>\n",
       "      <td>False</td>\n",
       "      <td>Finance</td>\n",
       "    </tr>\n",
       "    <tr>\n",
       "      <th>997</th>\n",
       "      <td>Russell</td>\n",
       "      <td>Male</td>\n",
       "      <td>2013-05-20</td>\n",
       "      <td>2019-11-01 12:39:00</td>\n",
       "      <td>96914</td>\n",
       "      <td>1.421</td>\n",
       "      <td>False</td>\n",
       "      <td>Product</td>\n",
       "    </tr>\n",
       "    <tr>\n",
       "      <th>998</th>\n",
       "      <td>Larry</td>\n",
       "      <td>Male</td>\n",
       "      <td>2013-04-20</td>\n",
       "      <td>2019-11-01 16:45:00</td>\n",
       "      <td>60500</td>\n",
       "      <td>11.985</td>\n",
       "      <td>False</td>\n",
       "      <td>Business Development</td>\n",
       "    </tr>\n",
       "    <tr>\n",
       "      <th>999</th>\n",
       "      <td>Albert</td>\n",
       "      <td>Male</td>\n",
       "      <td>2012-05-15</td>\n",
       "      <td>2019-11-01 18:24:00</td>\n",
       "      <td>129949</td>\n",
       "      <td>10.169</td>\n",
       "      <td>True</td>\n",
       "      <td>Sales</td>\n",
       "    </tr>\n",
       "  </tbody>\n",
       "</table>\n",
       "<p>1000 rows × 8 columns</p>\n",
       "</div>"
      ],
      "text/plain": [
       "    First Name  Gender Start Date     Last Login Time  Salary  Bonus %  \\\n",
       "0      Douglas    Male 1993-08-06 2019-11-01 12:42:00   97308    6.945   \n",
       "1       Thomas    Male 1996-03-31 2019-11-01 06:53:00   61933    4.170   \n",
       "2        Maria  Female 1993-04-23 2019-11-01 11:17:00  130590   11.858   \n",
       "3        Jerry    Male 2005-03-04 2019-11-01 13:00:00  138705    9.340   \n",
       "4        Larry    Male 1998-01-24 2019-11-01 16:47:00  101004    1.389   \n",
       "..         ...     ...        ...                 ...     ...      ...   \n",
       "995      Henry     NaN 2014-11-23 2019-11-01 06:09:00  132483   16.655   \n",
       "996    Phillip    Male 1984-01-31 2019-11-01 06:30:00   42392   19.675   \n",
       "997    Russell    Male 2013-05-20 2019-11-01 12:39:00   96914    1.421   \n",
       "998      Larry    Male 2013-04-20 2019-11-01 16:45:00   60500   11.985   \n",
       "999     Albert    Male 2012-05-15 2019-11-01 18:24:00  129949   10.169   \n",
       "\n",
       "    Senior Management                  Team  \n",
       "0                True             Marketing  \n",
       "1                True                   NaN  \n",
       "2               False               Finance  \n",
       "3                True               Finance  \n",
       "4                True       Client Services  \n",
       "..                ...                   ...  \n",
       "995             False          Distribution  \n",
       "996             False               Finance  \n",
       "997             False               Product  \n",
       "998             False  Business Development  \n",
       "999              True                 Sales  \n",
       "\n",
       "[1000 rows x 8 columns]"
      ]
     },
     "execution_count": 9,
     "metadata": {},
     "output_type": "execute_result"
    }
   ],
   "source": [
    "df"
   ]
  },
  {
   "cell_type": "markdown",
   "metadata": {},
   "source": [
    "\n",
    "\n",
    "# Method - 2"
   ]
  },
  {
   "cell_type": "code",
   "execution_count": 10,
   "metadata": {},
   "outputs": [],
   "source": [
    "df1=pd.read_csv(\"employees.csv\" , parse_dates=[\"Last Login Time\" , \"Start Date\"])"
   ]
  },
  {
   "cell_type": "code",
   "execution_count": 11,
   "metadata": {},
   "outputs": [
    {
     "data": {
      "text/html": [
       "<div>\n",
       "<style scoped>\n",
       "    .dataframe tbody tr th:only-of-type {\n",
       "        vertical-align: middle;\n",
       "    }\n",
       "\n",
       "    .dataframe tbody tr th {\n",
       "        vertical-align: top;\n",
       "    }\n",
       "\n",
       "    .dataframe thead th {\n",
       "        text-align: right;\n",
       "    }\n",
       "</style>\n",
       "<table border=\"1\" class=\"dataframe\">\n",
       "  <thead>\n",
       "    <tr style=\"text-align: right;\">\n",
       "      <th></th>\n",
       "      <th>First Name</th>\n",
       "      <th>Gender</th>\n",
       "      <th>Start Date</th>\n",
       "      <th>Last Login Time</th>\n",
       "      <th>Salary</th>\n",
       "      <th>Bonus %</th>\n",
       "      <th>Senior Management</th>\n",
       "      <th>Team</th>\n",
       "    </tr>\n",
       "  </thead>\n",
       "  <tbody>\n",
       "    <tr>\n",
       "      <th>0</th>\n",
       "      <td>Douglas</td>\n",
       "      <td>Male</td>\n",
       "      <td>1993-08-06</td>\n",
       "      <td>2019-11-01 12:42:00</td>\n",
       "      <td>97308</td>\n",
       "      <td>6.945</td>\n",
       "      <td>True</td>\n",
       "      <td>Marketing</td>\n",
       "    </tr>\n",
       "    <tr>\n",
       "      <th>1</th>\n",
       "      <td>Thomas</td>\n",
       "      <td>Male</td>\n",
       "      <td>1996-03-31</td>\n",
       "      <td>2019-11-01 06:53:00</td>\n",
       "      <td>61933</td>\n",
       "      <td>4.170</td>\n",
       "      <td>True</td>\n",
       "      <td>NaN</td>\n",
       "    </tr>\n",
       "    <tr>\n",
       "      <th>2</th>\n",
       "      <td>Maria</td>\n",
       "      <td>Female</td>\n",
       "      <td>1993-04-23</td>\n",
       "      <td>2019-11-01 11:17:00</td>\n",
       "      <td>130590</td>\n",
       "      <td>11.858</td>\n",
       "      <td>False</td>\n",
       "      <td>Finance</td>\n",
       "    </tr>\n",
       "    <tr>\n",
       "      <th>3</th>\n",
       "      <td>Jerry</td>\n",
       "      <td>Male</td>\n",
       "      <td>2005-03-04</td>\n",
       "      <td>2019-11-01 13:00:00</td>\n",
       "      <td>138705</td>\n",
       "      <td>9.340</td>\n",
       "      <td>True</td>\n",
       "      <td>Finance</td>\n",
       "    </tr>\n",
       "    <tr>\n",
       "      <th>4</th>\n",
       "      <td>Larry</td>\n",
       "      <td>Male</td>\n",
       "      <td>1998-01-24</td>\n",
       "      <td>2019-11-01 16:47:00</td>\n",
       "      <td>101004</td>\n",
       "      <td>1.389</td>\n",
       "      <td>True</td>\n",
       "      <td>Client Services</td>\n",
       "    </tr>\n",
       "    <tr>\n",
       "      <th>...</th>\n",
       "      <td>...</td>\n",
       "      <td>...</td>\n",
       "      <td>...</td>\n",
       "      <td>...</td>\n",
       "      <td>...</td>\n",
       "      <td>...</td>\n",
       "      <td>...</td>\n",
       "      <td>...</td>\n",
       "    </tr>\n",
       "    <tr>\n",
       "      <th>995</th>\n",
       "      <td>Henry</td>\n",
       "      <td>NaN</td>\n",
       "      <td>2014-11-23</td>\n",
       "      <td>2019-11-01 06:09:00</td>\n",
       "      <td>132483</td>\n",
       "      <td>16.655</td>\n",
       "      <td>False</td>\n",
       "      <td>Distribution</td>\n",
       "    </tr>\n",
       "    <tr>\n",
       "      <th>996</th>\n",
       "      <td>Phillip</td>\n",
       "      <td>Male</td>\n",
       "      <td>1984-01-31</td>\n",
       "      <td>2019-11-01 06:30:00</td>\n",
       "      <td>42392</td>\n",
       "      <td>19.675</td>\n",
       "      <td>False</td>\n",
       "      <td>Finance</td>\n",
       "    </tr>\n",
       "    <tr>\n",
       "      <th>997</th>\n",
       "      <td>Russell</td>\n",
       "      <td>Male</td>\n",
       "      <td>2013-05-20</td>\n",
       "      <td>2019-11-01 12:39:00</td>\n",
       "      <td>96914</td>\n",
       "      <td>1.421</td>\n",
       "      <td>False</td>\n",
       "      <td>Product</td>\n",
       "    </tr>\n",
       "    <tr>\n",
       "      <th>998</th>\n",
       "      <td>Larry</td>\n",
       "      <td>Male</td>\n",
       "      <td>2013-04-20</td>\n",
       "      <td>2019-11-01 16:45:00</td>\n",
       "      <td>60500</td>\n",
       "      <td>11.985</td>\n",
       "      <td>False</td>\n",
       "      <td>Business Development</td>\n",
       "    </tr>\n",
       "    <tr>\n",
       "      <th>999</th>\n",
       "      <td>Albert</td>\n",
       "      <td>Male</td>\n",
       "      <td>2012-05-15</td>\n",
       "      <td>2019-11-01 18:24:00</td>\n",
       "      <td>129949</td>\n",
       "      <td>10.169</td>\n",
       "      <td>True</td>\n",
       "      <td>Sales</td>\n",
       "    </tr>\n",
       "  </tbody>\n",
       "</table>\n",
       "<p>1000 rows × 8 columns</p>\n",
       "</div>"
      ],
      "text/plain": [
       "    First Name  Gender Start Date     Last Login Time  Salary  Bonus %  \\\n",
       "0      Douglas    Male 1993-08-06 2019-11-01 12:42:00   97308    6.945   \n",
       "1       Thomas    Male 1996-03-31 2019-11-01 06:53:00   61933    4.170   \n",
       "2        Maria  Female 1993-04-23 2019-11-01 11:17:00  130590   11.858   \n",
       "3        Jerry    Male 2005-03-04 2019-11-01 13:00:00  138705    9.340   \n",
       "4        Larry    Male 1998-01-24 2019-11-01 16:47:00  101004    1.389   \n",
       "..         ...     ...        ...                 ...     ...      ...   \n",
       "995      Henry     NaN 2014-11-23 2019-11-01 06:09:00  132483   16.655   \n",
       "996    Phillip    Male 1984-01-31 2019-11-01 06:30:00   42392   19.675   \n",
       "997    Russell    Male 2013-05-20 2019-11-01 12:39:00   96914    1.421   \n",
       "998      Larry    Male 2013-04-20 2019-11-01 16:45:00   60500   11.985   \n",
       "999     Albert    Male 2012-05-15 2019-11-01 18:24:00  129949   10.169   \n",
       "\n",
       "    Senior Management                  Team  \n",
       "0                True             Marketing  \n",
       "1                True                   NaN  \n",
       "2               False               Finance  \n",
       "3                True               Finance  \n",
       "4                True       Client Services  \n",
       "..                ...                   ...  \n",
       "995             False          Distribution  \n",
       "996             False               Finance  \n",
       "997             False               Product  \n",
       "998             False  Business Development  \n",
       "999              True                 Sales  \n",
       "\n",
       "[1000 rows x 8 columns]"
      ]
     },
     "execution_count": 11,
     "metadata": {},
     "output_type": "execute_result"
    }
   ],
   "source": [
    "df1\n"
   ]
  },
  {
   "cell_type": "code",
   "execution_count": null,
   "metadata": {},
   "outputs": [],
   "source": []
  }
 ],
 "metadata": {
  "kernelspec": {
   "display_name": "Python 3",
   "language": "python",
   "name": "python3"
  },
  "language_info": {
   "codemirror_mode": {
    "name": "ipython",
    "version": 3
   },
   "file_extension": ".py",
   "mimetype": "text/x-python",
   "name": "python",
   "nbconvert_exporter": "python",
   "pygments_lexer": "ipython3",
   "version": "3.7.4"
  }
 },
 "nbformat": 4,
 "nbformat_minor": 2
}
